       0          71.99368194         625.55751531       -4527.08079059       -3901.52327528
      10          68.60760289         596.13566687       -4497.57605860       -3901.44039173
      20          64.89094421         563.84139179       -4465.40683919       -3901.56544741
      30          64.77766251         562.85708013       -4464.45394311       -3901.59686299
      40          65.07475581         565.43854202       -4467.28967125       -3901.85112923
      50          61.95252208         538.30926175       -4440.15177975       -3901.84251800
      60          61.17369321         531.54197001       -4433.35470003       -3901.81273002
      70          66.08793845         574.24214807       -4476.05882192       -3901.81667384
      80          68.51495822         595.33067162       -4497.20159775       -3901.87092613
      90          66.90974382         581.38286530       -4483.39620345       -3902.01333814
     100          64.68831629         562.08074537       -4464.30794024       -3902.22719486
     110          63.11178599         548.38217696       -4450.23262290       -3901.85044594
     120          61.89522623         537.81141462       -4439.77660727       -3901.96519265
     130          58.55935294         508.82580713       -4410.98346211       -3902.15765498
     140          55.58866071         483.01328029       -4385.23115181       -3902.21787152
     150          57.82388236         502.43525820       -4404.78040310       -3902.34514490
     160          60.49290176         525.62653138       -4428.10322513       -3902.47669375
     170          59.00671729         512.71298343       -4415.25735631       -3902.54437289
     180          58.15071625         505.27513786       -4407.87269829       -3902.59756043
     190          58.83399998         511.21223214       -4413.93444672       -3902.72221457
     200          59.26089478         514.92154715       -4417.65117484       -3902.72962769
     210          57.92344944         503.30040262       -4406.11645490       -3902.81605228
     220          54.62132373         474.60802998       -4377.17537711       -3902.56734714
     230          54.11386078         470.19865330       -4372.49511072       -3902.29645742
     240          58.39576027         507.40434037       -4409.47074472       -3902.06640435
     250          62.81930890         545.84082556       -4447.81600465       -3901.97517909
     260          64.22338940         558.04096714       -4460.17621531       -3902.13524817
     270          62.38695162         542.08404671       -4444.18119006       -3902.09714334
     280          58.14284149         505.20671360       -4407.62012941       -3902.41341581
     290          55.30162396         480.51920035       -4382.72629345       -3902.20709310
     300          56.62383197         492.00794678       -4394.43571747       -3902.42777069
     310          58.48585660         508.18719293       -4410.71576846       -3902.52857553
     320          57.71198055         501.46293648       -4404.08070363       -3902.61776715
     330          57.46639399         499.32901986       -4401.83859523       -3902.50957537
     340          57.23138458         497.28700861       -4399.75982994       -3902.47282133
     350          56.20918839         488.40508334       -4390.65492224       -3902.24983890
     360          56.80384379         493.57208050       -4395.86180923       -3902.28972874
     370          56.18975222         488.23620124       -4390.41499596       -3902.17879472
     380          54.10673868         470.13676892       -4372.17320035       -3902.03643143
     390          55.46147974         481.90819703       -4383.89876495       -3901.99056793
     400          59.05180373         513.10474226       -4415.00787711       -3901.90313485
     410          60.52187903         525.87831664       -4427.95859983       -3902.08028318
     420          57.70767444         501.42552046       -4403.79831424       -3902.37279378
     430          56.33014757         489.45610504       -4391.88594231       -3902.42983727
     440          57.29176731         497.81167790       -4400.11190489       -3902.30022699
     450          59.11589871         513.66166742       -4415.88019600       -3902.21852858
     460          63.41018179         550.97495637       -4453.18563188       -3902.21067551
     470          63.57606322         552.41631030       -4454.45753517       -3902.04122487
     480          58.99886651         512.64476751       -4414.54628208       -3901.90151457
     490          57.55574903         500.10543122       -4401.88822183       -3901.78279060
     500          60.10202343         522.23016556       -4424.03649064       -3901.80632508
     510          61.13886847         531.23937567       -4432.89125014       -3901.65187446
     520          62.84081332         546.02767884       -4447.60391892       -3901.57624008
     530          66.59705568         578.66589892       -4480.27222648       -3901.60632756
     540          64.58049935         561.14391733       -4462.95682791       -3901.81291059
     550          60.67967961         527.24945553       -4429.24717316       -3901.99771763
     560          60.37482758         524.60057753       -4426.78347697       -3902.18289944
     570          59.63360682         518.16006492       -4420.29302249       -3902.13295757
     580          56.62325825         492.00296169       -4394.14958206       -3902.14662037
     590          54.44689849         473.09243839       -4375.25483228       -3902.16239390
     600          56.54363520         491.31111215       -4393.53985709       -3902.22874494
     610          61.52766678         534.61766801       -4436.86371832       -3902.24605030
     620          63.46921243         551.48787718       -4453.77963916       -3902.29176198
     630          59.47410149         516.77411340       -4419.16852697       -3902.39441357
     640          54.28692599         471.70242748       -4373.93240536       -3902.22997788
     650          54.96817088         477.62180608       -4379.70760808       -3902.08580200
     660          58.08616451         504.71424390       -4406.74280411       -3902.02856021
     670          60.18644205         522.96368412       -4425.14002514       -3902.17634103
     680          61.51157345         534.47783208       -4436.50598874       -3902.02815666
     690          60.67125455         527.17624965       -4429.23558364       -3902.05933399
     700          58.52899718         508.56204410       -4410.74150293       -3902.17945883
     710          56.94488840         494.79762575       -4396.98263128       -3902.18500553
     720          57.32767728         498.12370181       -4400.30213589       -3902.17843409
     730          58.35024119         507.00882232       -4409.27471744       -3902.26589512
     740          57.74166765         501.72088953       -4404.03554759       -3902.31465805
     750          54.85259176         476.61753200       -4378.95712626       -3902.33959427
     760          52.46951657         455.91084566       -4358.05777422       -3902.14692856
     770          55.81563521         484.98547560       -4387.05829756       -3902.07282196
     780          59.32191663         515.45176975       -4417.57910189       -3902.12733214
     790          60.05229880         521.79810524       -4423.88870892       -3902.09060367
     800          58.92383323         511.99279875       -4414.24143365       -3902.24863490
     810          58.74316974         510.42300262       -4412.46023153       -3902.03722891
     820          60.41794224         524.97520348       -4426.98392752       -3902.00872404
     830          60.52655177         525.91891834       -4428.00096681       -3902.08204847
     840          57.40313303         498.77934149       -4400.77752744       -3901.99818595
     850          54.09428669         470.02857282       -4371.98590085       -3901.95732803
     860          53.81920648         467.63838399       -4369.71835283       -3902.07996884
     870          56.37995753         489.88890685       -4391.92701769       -3902.03811084
     880          58.15783653         505.33700646       -4407.39610242       -3902.05909595
     890          58.02355348         504.17021280       -4406.27249199       -3902.10227919
     900          57.60806056         500.55996933       -4402.45122416       -3901.89125483
     910          57.65157702         500.93808649       -4402.74895738       -3901.81087089
     920          56.50724300         490.99489805       -4392.85404444       -3901.85914639
     930          54.82910494         476.41345363       -4378.27031903       -3901.85686539
     940          53.36817684         463.71935981       -4365.57038665       -3901.85102684
     950          53.29837558         463.11285234       -4365.11000801       -3901.99715567
     960          54.75796897         475.79534878       -4377.88547469       -3902.09012591
     970          56.00587656         486.63849437       -4388.78320374       -3902.14470937
     980          56.42408599         490.27234174       -4392.43665504       -3902.16431330
     990          57.76620283         501.93407724       -4403.99242150       -3902.05834426
    1000          60.13139886         522.48541052       -4424.28355855       -3901.79814804
